   4.1855449e+00
  -5.1964690e+00
  -1.4504484e+00
  -4.7346148e-01
  -2.4122859e+00
   4.5803977e+00
  -5.6000425e-02
  -1.8599867e+00
   2.2021772e+01
   3.6287633e+00
  -4.3934901e+00
   7.7710896e+00
  -5.7666618e+00
  -6.6306610e-01
   1.1802864e+01
   5.0161241e+00
   1.8503475e+00
   2.0320294e+00
   5.5472787e+00
   1.9467876e+01
   6.5664203e+00
  -2.4541995e+01
   3.1679377e+00
   4.9135807e+00
   1.4183944e+00
  -1.4211965e+01
  -9.9992665e+00
   1.0607469e+01
   4.2387927e+00
   1.3936797e+01
   4.7412216e+00
  -3.4012368e+00
   1.3711935e+01
   1.7030255e+01
   1.0991921e+01
   1.3165472e+00
   1.9328606e-01
   4.8954529e+00
  -7.6256171e+00
   3.3067649e+00
   2.3063995e+00
   3.5279589e+00
  -1.2851345e+01
  -1.6146632e+01
   9.5169100e+00
  -5.1126210e+00
  -1.4299231e+01
   6.6040222e+00
   9.1259388e+00
   9.9628954e-01
   6.3602848e+00
   1.2926908e+01
  -1.5338934e+00
   1.2238177e+00
  -1.0691334e+01
   2.6064742e+00
   2.4066185e+00
  -2.4230929e-01
  -5.8935577e+00
  -2.7895768e+01
  -2.4348371e+00
  -8.8801519e+00
  -6.8275649e+00
   7.6548734e+00
   7.5169173e+00
  -1.5710742e+01
   1.7238825e+00
  -7.6750826e+00
  -3.2687502e+00
  -3.0873395e+00
   1.0417027e+01
  -1.1310297e+01
  -4.2847432e+00
  -2.1576753e+00
   1.4101263e-01
  -7.0411179e+00
  -8.9673593e+00
   1.2160823e+01
  -6.4225399e+00
  -1.2970035e+01
  -7.0474475e+00
  -5.4093856e+00
   1.1250998e+00
  -8.6525651e-01
  -4.8665676e+00
   1.5354933e+01
   3.3388490e-01
  -3.3697590e+00
   1.5305790e+00
   1.1301354e+01
  -1.0309962e+00
   1.5655699e+01
  -1.1182392e+01
  -1.5134815e+00
   2.0133051e+00
  -8.5823676e+00
  -1.6645067e+00
  -7.3226827e+00
  -7.7242272e+00
  -6.0310721e+00
  -2.5062750e+01
   5.1764404e-01
   8.1937844e+00
   8.3950409e-01
  -8.6170322e+00
   1.2727392e+01
  -1.0818993e+01
  -1.7991064e+01
  -1.2651881e+01
  -3.9678145e+00
   7.0739626e+00
   8.9959396e+00
   1.7426239e-01
  -4.8109625e-01
   4.8360216e+00
  -8.2641312e+00
  -1.4206366e+01
  -6.1445413e+00
  -1.0938142e+01
  -7.5998601e+00
  -1.7190364e+01
  -1.7488280e+00
   4.0736121e+00
   1.6621592e+01
  -4.4409543e+00
   7.6933750e+00
  -4.2926097e+00
  -1.7253879e+01
   2.8894350e+00
   8.1698126e+00
  -5.0242515e+00
  -6.8860404e+00
   9.8024267e+00
  -1.1773981e+01
  -1.4804450e+01
  -9.2546686e+00
  -4.7532820e+00
   1.4093351e+01
  -2.9355909e+01
   8.2319153e+00
   1.4564083e+01
   2.0238727e-01
  -1.3887711e+01
   2.8636188e+00
   1.8275417e+01
   1.7377001e+01
   2.9722717e+00
  -3.3199934e+00
  -5.4982304e+00
  -9.3003803e+00
  -9.6499829e+00
  -9.6133454e+00
   1.6926741e+01
   3.3928935e+00
  -2.2529396e+00
  -8.3736268e+00
   1.6718487e+01
  -1.6416052e+01
  -6.4905677e-02
  -2.0929739e+00
  -6.3426566e+00
   1.2056539e+01
   1.9014711e+01
  -5.6183957e+00
  -1.0217629e-01
   3.3169330e+00
  -1.2409469e+01
  -5.2870317e+00
  -1.6186031e+01
   1.6248714e+01
  -6.3894267e-01
   4.8957770e+00
   2.6084072e+00
   4.5757570e+00
   2.8558183e+00
  -8.8891310e+00
   2.8375973e+00
  -4.3107717e-01
   1.3392103e+01
  -1.1272539e+01
   6.5545573e+00
  -7.4636058e+00
  -5.1723367e+00
   9.3528421e+00
  -2.1674502e+01
  -4.9130741e+00
   2.0839059e+01
   4.2555431e+00
   7.8705886e+00
   2.2119609e+00
  -5.8210063e+00
  -3.2187167e+00
  -6.3900478e+00
   9.7307094e+00
   8.3539431e+00
  -1.3687206e+01
  -8.6252942e+00
  -6.9499744e+00
   6.2718339e+00
   7.0356466e+00
   2.0784010e+00
  -5.7879278e+00
   8.3985475e+00
   1.1395409e+01
   1.1146422e+01
   1.7890423e-01
  -3.6230959e+00
   5.9335423e-01
   1.4545065e+01
   1.0977596e+01
  -1.7585454e+01
  -2.0079808e+01
  -1.2864911e+01
  -2.6435235e+00
  -1.6562914e+00
  -5.8193310e+00
  -1.1351622e+01
   2.7543197e+00
   2.6094776e+00
   1.0635679e+01
  -6.1613477e+00
  -1.1492045e+01
   2.3834602e+01
   6.2573504e-01
   1.2589540e+00
  -8.1468268e+00
  -9.3823078e+00
  -7.0193197e+00
  -7.1713198e+00
  -2.9677827e+00
   6.7095725e+00
   1.0032751e+01
   5.1167550e+00
   6.7357142e+00
  -1.2741715e+01
  -1.1545239e+01
  -6.8695602e-01
   5.9313222e-01
   2.4827509e+00
   1.1595915e+01
   6.7649112e+00
  -6.5593972e+00
  -9.7668613e+00
   1.2209412e+00
  -4.7623964e+00
   1.3000715e-01
  -2.7361141e+01
  -5.2165384e+00
   9.4183459e+00
   2.0441655e+00
   2.7752862e+00
   1.7077579e+01
  -3.7700888e+00
   1.1549670e+01
   1.4109978e+00
   2.4100427e+01
   6.0307408e+00
  -3.0039123e-01
   5.2428871e+00
   8.4595429e-01
  -1.3902522e+01
   1.0489708e+01
   1.3277015e+00
  -3.0685874e+00
   1.4185254e+01
   6.7874616e+00
  -1.3794360e+01
  -6.5488383e+00
   1.2945961e+01
  -8.2964097e+00
  -5.3840287e+00
  -6.3126301e+00
  -2.8820905e+00
  -3.2906923e+00
   1.0571808e+00
   6.9923486e+00
   8.7899402e+00
   4.3748553e+00
  -2.4484313e+01
  -3.1003266e+00
  -1.6406248e+01
   3.9645971e+00
  -1.1849561e+01
  -1.2661318e+01
  -8.1533539e+00
  -2.1305047e+00
  -2.1162296e+00
  -4.4764040e+00
  -2.0354183e+00
  -6.0383848e+00
  -1.5699561e+01
  -7.7869460e+00
   1.1297423e+01
   6.1605053e-01
  -1.1100746e+01
  -1.7723839e+00
  -6.1007395e+00
   6.0884864e+00
  -1.5647627e+01
   1.9674463e+01
   1.0279837e+00
  -8.2022767e+00
  -6.5765024e+00
   1.0244963e+01
  -4.0813628e-01
   1.0703192e+01
  -2.6785116e+00
  -3.9644329e+00
  -7.3948001e+00
   1.5224972e+01
   6.7886436e+00
   9.9521299e+00
   5.1582858e+00
  -5.4821398e+00
   1.3168799e+01
   5.5983138e+00
  -9.0862370e+00
  -1.6768362e+01
  -3.6405483e+00
   4.4807636e+00
   4.0779603e-01
   2.3910101e-01
  -1.8852878e+01
   9.6217545e+00
  -1.2739682e+00
   2.2117384e+00
  -1.2961314e+01
   1.3639557e+01
  -1.8708773e+01
  -2.4012211e+00
   2.0297078e+01
  -1.1881291e+01
   6.2021090e+00
  -5.9388423e+00
   9.4242987e+00
   1.1612451e+00
   1.1530685e+01
  -4.9030339e+00
  -5.8056683e+00
  -1.3288839e+01
  -4.7944144e-01
   1.4170617e+01
  -1.5529769e+00
   2.0535136e+00
  -1.0429147e+01
  -3.0307343e+00
  -1.0172259e+01
  -2.6250374e+00
  -3.7950116e+00
   1.1841201e+01
  -2.3372623e+01
   1.2559499e+01
   3.8461131e-01
   1.0304615e+01
  -1.4412669e+01
   9.3651880e+00
   3.3306093e-01
  -4.2112823e+00
   4.6171810e+00
   4.1480171e+00
  -4.1503926e+00
   2.7662830e+00
  -3.4986840e+00
  -3.3471619e+00
  -7.9815815e+00
   7.7891740e+00
   8.9522665e+00
   3.6645213e+00
  -1.4275875e+01
  -2.0428121e+00
   4.6520201e+00
  -4.9039764e+00
   6.5647418e+00
   1.1624057e+01
   1.4788805e+01
  -4.5231829e+00
   1.5744251e+01
  -1.0409774e+01
   1.2896572e+01
  -9.2203953e+00
  -1.4108277e+00
   1.5007373e+00
   7.6887621e-01
  -1.2364017e+01
   1.4109936e+00
   4.7898299e-01
   5.6212204e+00
   2.5919352e+00
   1.0099408e+01
   5.1373622e+00
   6.3225272e+00
   9.6683307e+00
  -1.3020198e+01
   8.6831838e+00
   1.5197555e+01
  -5.7006126e+00
   1.3682595e+00
   1.0078459e+00
   3.1147795e-01
  -9.5534380e-01
   1.2720968e+01
  -2.2568877e+00
   6.0568080e-02
  -1.0989018e+01
   7.1601801e+00
   4.5521191e+00
   9.8118401e+00
   9.8071520e+00
  -1.5175932e+01
   5.7068788e+00
   7.2342629e+00
   5.9118863e+00
  -8.1981921e+00
  -1.0933147e+01
   2.6707591e+00
  -1.7841038e+01
  -6.2517916e+00
  -2.0473117e+01
   2.1675904e+00
  -3.1177982e+00
  -6.6943410e+00
   7.6233827e+00
   9.2145045e+00
  -2.6753295e+00
  -6.9120473e+00
  -9.1028423e+00
   1.2178186e+01
   2.1429409e+00
  -7.8676917e+00
   5.6393004e+00
   1.3539063e+01
  -4.8635576e+00
   1.1360446e+01
  -1.1955407e+00
  -1.7593771e+01
   7.0160706e+00
  -2.0296639e+01
   4.8712836e+00
  -4.6063395e+00
   1.9188469e+01
  -3.0647640e+00
  -1.2224683e+01
  -1.3945418e+01
  -9.2996864e+00
   6.6007478e-01
   2.4298763e-01
  -2.0404198e+01
   4.6903341e+00
  -8.5967301e+00
   9.6517901e+00
  -1.5667733e+01
  -1.2957744e+01
  -1.0855727e+01
   1.0612692e+00
  -8.2590736e+00
  -2.5099606e+00
  -3.7624068e-01
  -8.4605062e+00
  -1.7116585e+00
  -5.6329134e+00
   2.8797774e+00
   1.0747669e+01
  -7.9076036e-01
   5.1967482e+00
  -1.3099916e+01
   8.0378920e+00
  -2.8005561e+00
   9.3199893e+00
  -1.1422665e+01
  -1.1903914e+01
  -8.0767547e+00
  -1.1032039e+01
   3.7442386e+00
  -3.6079417e-01
   1.0836827e+01
   9.1736954e-01
   1.9735259e+01
  -1.9322672e+01
  -1.1466188e+01
   1.1113734e+01
  -9.4578580e-01
  -1.1240122e+01
   4.6801778e+00
   6.3791365e+00
   2.2853453e+01
  -1.7314628e+01
   1.8320984e-01
  -1.2440161e+01
  -3.6226103e+00
  -3.0871174e-01
  -4.9325784e+00
  -1.1046236e+01
  -2.8979149e+00
   6.3040608e+00
   2.2037073e-01
   1.8045992e+01
   9.8129439e+00
  -6.6513459e+00
  -1.3712100e+01
   6.4660324e+00
   7.1674759e+00
  -6.5248289e+00
  -3.2783082e+00
  -8.0328947e+00
   4.1098190e-01
  -2.0846264e+01
   1.0367701e+00
  -1.4393195e+01
   1.0537466e+01
  -9.6809536e+00
  -4.6530393e+00
  -7.7712785e+00
   3.9346207e+00
   1.2823660e+01
  -2.7053750e+00
  -1.5241574e+01
   2.1652290e+00
   8.8274664e-01
  -1.0942946e+01
  -2.1299497e+00
  -7.5035515e+00
  -5.9642499e+00
  -1.0222015e+00
  -1.2294278e+00
   7.7286194e+00
  -1.1343873e+01
  -9.5211305e+00
   8.1454096e+00
  -1.3424051e+01
   6.8601907e+00
   1.8161097e+01
  -1.3232386e+01
   2.9427140e+00
   8.8388507e+00
  -1.4885263e+01
   1.1999073e+01
   7.4946671e+00
   8.4333625e+00
   1.1048159e+01
   2.0867917e+00
  -1.0661683e+01
  -1.3260035e+01
   6.9225428e+00
   1.4674253e+01
  -9.0549043e+00
   1.0415326e+01
  -1.3663072e+01
   1.5411704e+01
  -1.5235032e+01
   4.7150265e+00
  -4.9946094e+00
   3.6804735e+00
  -1.6329607e+00
   1.3319550e+01
  -7.5657214e+00
   8.2516727e+00
  -9.6484935e+00
   8.4551047e-01
  -3.5918780e+00
   3.3344113e+00
   1.1256145e+01
   6.6991276e+00
   1.2766051e+01
   2.5976128e+00
   4.6470705e+00
  -5.3467883e+00
  -1.0125011e+00
   3.6402255e+00
   7.1290985e+00
  -4.1794628e+00
  -1.1447639e+01
  -2.0433267e+01
  -7.3500158e+00
  -2.5070178e+00
   4.6119114e+00
   6.4654005e+00
  -1.6132016e+00
   6.5636271e+00
  -1.4095078e+01
  -2.9830414e+00
  -2.7943031e+00
  -4.3798763e+00
  -1.0979020e+01
   6.6944820e+00
  -7.8609035e+00
  -9.0273436e+00
   7.8824138e+00
  -6.8003769e+00
   3.6283262e+00
  -1.2936200e+01
   5.8785128e+00
  -1.9638539e+01
   5.4495275e+00
  -4.4355985e+00
  -9.4254198e+00
   2.5735393e-01
  -5.4022309e+00
   1.1871394e+01
   1.9239914e+01
   8.5186880e+00
   1.6337423e+00
   4.6063323e+00
  -1.3480394e+01
   5.8903346e+00
   4.7361352e-01
   7.6797352e-01
  -1.2654357e+01
  -2.2840261e+00
  -1.1784158e+00
  -8.5871072e+00
  -3.9431964e+00
  -4.5357184e+00
  -7.3277103e-01
  -2.3406485e-01
   8.6511340e-01
  -3.4519275e+00
   1.4919456e+01
   7.9044681e+00
  -1.1858427e+01
   2.1237489e+00
   1.7288989e+01
   2.4567610e+01
  -5.5133618e+00
  -6.7753038e+00
  -1.1256428e+01
   1.2666728e+00
  -7.0222362e+00
   2.2441623e+01
   6.5459397e+00
   9.1711504e+00
   1.3180675e+01
   1.8952802e-02
   1.5384926e+01
  -2.4965701e+01
  -1.0029740e+01
   1.6533439e+00
  -1.2852678e+00
  -3.0215381e+01
   9.2693231e+00
   7.5670714e+00
   1.2173934e+01
  -3.2937188e+00
   1.5106104e+01
  -3.5405256e+00
   1.5600385e+00
  -1.3753078e+01
   3.4513515e+00
   2.1444946e-01
  -9.0204178e+00
   1.5082191e+00
  -2.2653646e+00
   1.9435676e+01
  -1.8546368e+01
   5.5832627e+00
   2.2345623e-02
  -4.3244866e-01
  -7.5891957e+00
  -4.0720924e+00
   6.0836947e+00
  -2.9805171e+01
   1.6200011e+00
  -8.0259966e+00
  -1.5855743e+01
   6.4972163e-02
   1.2532790e+01
   4.1106042e+00
   5.8252187e+00
   1.2226832e+00
  -3.9900212e+00
  -4.5200357e-01
   2.4637456e+01
   3.0899256e+00
  -1.2296481e+01
   9.3114278e+00
  -2.1790264e+00
  -2.4004806e+01
   6.2756199e+00
  -9.7918005e-01
   6.6702227e+00
  -6.8468147e+00
  -9.9364879e+00
  -8.8418092e+00
   4.1967695e+00
  -3.0888283e+00
   6.2278609e+00
  -2.2060329e+01
   6.6975577e+00
   3.1753299e+00
  -6.3998684e+00
   7.5901703e+00
   1.6531450e-01
  -1.6637076e+01
   1.1141935e+01
   1.5463385e+01
   5.7496194e+00
   4.1557410e+00
  -4.7544698e-01
  -1.9658053e-01
   3.8986881e+00
   1.0370104e+01
  -3.3582434e-01
   1.6039043e+00
  -9.5701354e-01
  -2.1618939e+01
   1.4932710e-01
   6.8007305e+00
   7.6626033e+00
   1.6973418e+01
  -7.2673089e+00
   7.1065476e+00
  -8.8434325e+00
   1.4102920e+01
   1.3399350e+00
  -2.9657317e+00
  -6.8462776e-01
  -1.9885935e+01
  -2.3094694e+01
  -1.0066379e+01
   9.0854642e+00
  -2.1401036e+01
  -3.5004287e+00
   9.6026082e+00
   2.1782331e+00
  -1.7092998e+01
   2.2958837e+01
   7.4608396e+00
   7.6046271e-01
  -3.2733698e+00
   1.1653610e+01
   6.1590983e+00
   1.3701420e+01
  -2.0571096e+00
   1.1911361e+01
   1.3043054e+01
   4.6987163e+00
   1.3220935e+01
  -2.6273648e+00
   2.2751141e+00
  -2.3684390e+00
  -1.7503406e+00
  -1.5092888e+01
  -1.1901138e+01
  -1.2893591e+01
  -4.2418393e-01
   4.6886963e+00
   2.7131357e+00
  -1.0219980e+01
   4.6815427e+00
   1.3134317e+01
   1.5796059e+01
  -8.6405640e+00
   8.8991418e+00
  -1.4412238e+01
   2.7806503e+00
   4.0957160e+00
  -1.7330555e+01
   1.2235144e+00
  -5.6516478e+00
  -1.4604011e+01
   5.1262150e+00
   1.7227367e+01
   1.4439764e+01
  -1.0219293e+01
  -6.3139040e-01
   4.8491167e+00
  -1.1010299e+01
   1.1075641e+01
  -1.2744839e+01
  -1.1983999e+01
   8.3951632e+00
  -5.3655988e+00
  -1.4642392e-01
   1.5658390e+01
   9.9613033e+00
  -8.0726332e-01
  -3.4220618e+00
   1.1060591e+00
   1.1406201e+01
   1.1508820e+01
  -6.3182338e-01
   1.8872986e-01
  -2.0597543e+01
   1.5020557e+01
   4.3207854e+00
  -1.1042617e+01
  -2.2549040e+00
   2.0853290e+00
  -3.7645413e-01
   5.2084349e+00
   8.5696148e+00
   9.3633659e+00
   1.6272746e+01
  -4.0786608e+00
  -6.1376811e+00
   1.2696903e+01
  -3.1791288e+00
  -7.3563353e+00
  -6.5105556e+00
   1.5249856e+01
   1.8670041e+00
   1.0673364e+01
   6.8631474e-01
  -2.7417979e+00
   8.1574589e-01
   2.9478201e+00
  -5.4937729e+00
   7.4659771e+00
   1.7757667e+00
  -2.6995646e+00
  -9.3476206e+00
   1.3987683e+01
  -9.0346232e+00
  -8.5417801e+00
  -7.4141185e+00
   9.6041341e+00
   1.9120239e+01
  -4.1474215e+00
   9.7359169e+00
  -1.1752447e+01
   9.5210495e+00
   1.4095461e+00
  -1.5117702e+01
   2.0782179e+00
  -6.2923323e+00
   1.2752941e+01
  -6.8014079e-01
  -3.1214954e+00
   2.6808009e+00
  -9.9292604e+00
  -1.1206243e+00
  -1.2813716e+01
   2.6686186e+01
  -6.7824733e+00
   1.2356566e+01
  -4.4071336e+00
   5.7720768e+00
  -3.9104960e+00
   1.8217337e+01
   4.0642610e+00
   5.6137924e+00
   1.7637554e+01
  -1.4287157e+00
   1.4693521e+00
   1.0858975e+01
  -1.0268405e+01
   1.1561437e+00
  -1.5444700e+01
  -5.9466946e+00
  -2.7864984e+00
   1.1265975e+01
   1.5973158e+01
  -4.3667063e+00
   2.3817539e+00
  -8.4600161e+00
  -2.2399395e+01
   1.2082600e+01
   5.5306934e+00
  -2.8746924e+00
  -4.0736349e+00
  -5.3857406e-01
  -1.7506934e+01
  -7.4235904e-01
   1.0176748e+01
   6.2702677e-01
   7.6015102e+00
   2.3748228e+01
  -1.1122350e+01
  -4.8013561e-01
  -1.7058831e+00
   1.5780888e+01
  -1.6726402e+01
  -4.6063350e+00
  -5.4967882e+00
   1.2210807e+01
   7.5849094e+00
   4.2780047e+00
   1.1105528e+01
  -8.7273108e+00
   6.6689260e+00
  -8.1133969e+00
   1.6484965e+01
   7.2556351e+00
  -1.2341447e+01
  -5.9846972e+00
   1.7837446e+01
   1.3787815e+01
  -1.2366324e+01
   2.8315279e+00
   2.6358259e+01
   1.1839729e+01
  -2.3007980e+01
  -3.8557402e+00
  -6.8091725e+00
  -2.0931618e+01
   4.5451243e-01
   8.2435780e+00
  -5.8627912e+00
  -9.1966864e+00
  -4.1703330e+00
   8.8121719e+00
   1.7860261e+01
  -2.9279017e+00
   1.1290456e+01
  -1.5411798e+00
  -1.8059606e+01
  -2.9022272e+00
   1.8290897e+00
  -8.1524091e+00
  -5.2204354e-01
  -2.3856633e+00
  -9.1385189e+00
  -9.2501585e-01
   1.2227810e+01
  -4.1443442e+00
   1.3858687e+01
   5.9687644e+00
  -5.4769765e+00
  -1.0716216e+00
   1.5249242e+01
  -5.2903354e-01
  -8.1689483e+00
  -1.7369753e+01
  -8.0682420e-02
   1.6703613e+01
  -1.1375214e+01
   2.2726837e+01
   4.2155067e+00
  -8.2891257e+00
   4.9829807e-01
  -1.4042737e+01
   9.1490626e+00
   8.7739000e+00
   4.3665473e+00
   1.3194623e+01
  -9.6636713e+00
   9.2035784e+00
   6.9465965e+00
   8.4112449e+00
   1.0655820e+01
   7.2435926e+00
  -3.3168702e+00
  -8.7453347e-02
  -1.0482971e+01
  -6.7144522e+00
   1.4217989e+01
   1.0077924e+01
  -4.0981454e+00
   9.6774433e+00
   4.4078558e+00
  -2.1845804e+01
  -2.8060037e+00
   1.1770000e+01
   1.6670839e+00
  -8.8304965e+00
   7.3299698e+00
  -1.6278517e+01
  -1.1707461e+01
   7.3078188e+00
  -7.4867606e+00
  -5.6547569e-02
   9.6071991e+00
   8.1604718e+00
   7.5448803e+00
  -2.0733041e+01
   4.2794483e-01
   9.0565756e+00
  -9.1282700e+00
   7.7702068e+00
  -2.6986072e+00
  -1.3703837e+01
   9.5985755e+00
  -1.8056999e+01
  -1.2708656e+01
   1.4480613e+01
   1.3008463e+01
   3.1624727e+00
  -1.7284493e+00
  -1.7914859e-01
   2.6974736e+01
   2.1996928e+00
   1.3097414e+01
   2.6530396e+00
  -7.5873391e+00
  -4.9251303e+00
  -1.0706357e+01
   2.0199465e+01
  -2.4815617e+01
   1.3448408e+00
  -1.5560080e+01
   1.5391906e+01
   2.1037006e+01
   1.0390334e+01
  -3.5945035e+00
  -1.2304928e+01
  -2.6971468e+00
   4.4417264e+00
   7.2849494e+00
   1.9947872e+01
  -1.2065325e+01
  -5.1782879e+00
   7.8598048e+00
   1.3510913e+01
   1.5073418e+00
   5.8042972e+00
   1.2041866e+01
   9.5305224e-01
  -4.6471592e+00
   2.5128896e+01
   1.3673316e+01
   8.5160821e-01
  -6.0471032e+00
  -5.0271859e-01
  -6.3630029e-01
   5.5520523e+00
  -3.8331256e+00
   2.4909540e+00
  -4.1360336e+00
  -7.9178586e-01
  -1.1001568e+00
  -1.6972302e+00
   2.6995211e+00
  -1.1477676e+01
  -1.6337555e+01
  -1.2454376e+01
